x <- 1
<<<<<<< HEAD
Y <- X

tt <- x
=======
Y <- X
>>>>>>> 4488f37ebefcc5e67a6fe1078965db4522f8223d
